%YAML:1.0
cameraMatrix: !!opencv-matrix
   rows: 3
   cols: 3
   dt: d
   data: [ 1.0510936434395799e+03, 0., 9.5303584445094259e+02, 0.,
       1.0515050316964271e+03, 5.1864817729322033e+02, 0., 0., 1. ]
distortionCoefficients: !!opencv-matrix
   rows: 1
   cols: 5
   dt: d
   data: [ 2.5462459859436525e-02, -1.3821380249476132e-02,
       -3.0967692031348927e-03, -1.1755290696497099e-03,
       -1.9752385792942546e-02 ]
rotation: !!opencv-matrix
   rows: 3
   cols: 3
   dt: d
   data: [ 1., 0., 0., 0., 1., 0., 0., 0., 1. ]
projection: !!opencv-matrix
   rows: 4
   cols: 4
   dt: d
   data: [ 1.0510936434395799e+03, 0., 9.5303584445094259e+02, 0., 0.,
       1.0515050316964271e+03, 5.1864817729322033e+02, 0., 0., 0., 1.,
       0., 0., 0., 0., 1. ]
