%YAML:1.0
rotation: !!opencv-matrix
   rows: 3
   cols: 3
   dt: d
   data: [ 9.9996879780156034e-01, -4.3086356766696435e-04,
       7.8878247881287340e-03, 3.9656817315225824e-04,
       9.9999046469110264e-01, 4.3489378653538170e-03,
       -7.8896233741670777e-03, -4.3456741086651714e-03,
       9.9995943365696349e-01 ]
translation: !!opencv-matrix
   rows: 3
   cols: 1
   dt: d
   data: [ -5.3472420717867175e-02, 1.1684226779808840e-04,
       4.4586622054360809e-03 ]
essential: !!opencv-matrix
   rows: 3
   cols: 3
   dt: d
   data: [ -2.6900050126232931e-06, -4.4591274491326506e-03,
       9.7447083040528803e-05, 4.0366458250041901e-03,
       -2.3429478934614250e-04, 5.3505420683571274e-02,
       -1.3804408226057596e-04, -5.3471860498741780e-02,
       -2.3346986654830141e-04 ]
fundamental: !!opencv-matrix
   rows: 3
   cols: 3
   dt: d
   data: [ -2.6830714346180640e-09, -4.4514166158877381e-06,
       9.3419326911392097e-04, 4.0246660184340408e-06,
       -2.3379813460245083e-07, 1.8099172369626385e-02,
       -2.2295518957628716e-03, -5.1743124875623908e-02,
       9.9999999999999989e-01 ]
