%YAML:1.0
depthShift: -1.8158352014548498e+01
