%YAML:1.0
cameraMatrix: !!opencv-matrix
   rows: 3
   cols: 3
   dt: d
   data: [ 3.5787331332540509e+02, 0., 2.5824880000209953e+02, 0.,
       3.5756920036230525e+02, 2.0189450333698292e+02, 0., 0., 1. ]
distortionCoefficients: !!opencv-matrix
   rows: 1
   cols: 5
   dt: d
   data: [ 1.2520757721886094e-01, -3.6860853169942287e-01,
       -1.6504938341901903e-03, -3.5192188667298199e-04,
       1.9772591136085493e-01 ]
rotation: !!opencv-matrix
   rows: 3
   cols: 3
   dt: d
   data: [ 1., 0., 0., 0., 1., 0., 0., 0., 1. ]
projection: !!opencv-matrix
   rows: 4
   cols: 4
   dt: d
   data: [ 3.5787331332540509e+02, 0., 2.5824880000209953e+02, 0., 0.,
       3.5756920036230525e+02, 2.0189450333698292e+02, 0., 0., 0., 1.,
       0., 0., 0., 0., 1. ]
